# Created by Octave 4.0.3, Wed Nov 30 20:24:41 2016 CST <root@InnerPeace-wu>
# name: all_theta
# type: matrix
# rows: 10
# columns: 401
 -0.743975744617052 0 0 -1.731998721050668e-07 -6.927994884202673e-07 -0.001173179338199288 -0.01653317088615319 -0.0768244197893567 -0.05204504353000503 -0.003265415480279972 -0.001378880910457037 -0.0004893226741599197 0.0001264711016034521 0.0006066099133228427 -0.001796929931447508 -0.00670761169637884 -0.003248570860784802 0.0009186853011107137 0 0 0 0 -7.568979907749175e-07 0.01463575669765594 0.0204696737264321 -0.1502789164447926 -0.3251311110511426 -0.2674497577705495 -0.1209553718571211 -0.0679907242395103 -0.05943777596517372 0.002013334502110649 0.01596242695441987 0.002407453220025836 -0.03128445674824132 -0.1124234500204473 -0.2416909401965806 -0.08364606163405479 -0.0007344396020196594 -6.870436647491686e-06 0 0 -5.980980743280115e-06 0.0002757106862278715 -0.01890303706977991 -0.05091926518279394 -0.1748832424546585 -0.129535042320294 -0.5367430977919488 -0.2510641880493947 0.07155176936365132 0.1299247147649355 0.01171666150120589 -0.04543713098433202 -0.2319572923780891 -0.357600085061884 0.1545476834138299 -0.9942957472612775 -0.8182335909271359 -0.1006215614928835 -0.003327970653872588 -9.140653110155341e-07 -3.360151208908113e-05 -0.02555361850462098 0.3480499520622554 0.1064828086459228 -0.5213480437008933 -0.981369938910427 -1.643724171268754 -0.6290876307582712 -0.03171829625604374 0.1304767463994 -0.2833725065173649 -0.4791604889341917 -1.728659907811891 -2.461606185999245 1.720736627216369 -0.1786409165268505 -1.54093834769057 -0.731590174145731 -0.0596721065979953 -1.292412968037374e-05 -0.0004564148799028889 -0.03920296334101303 0.4565769722744297 0.2104867973834617 -2.103348971554981 -1.868203978837405 -2.638971824285552 -0.9831598586065818 0.37346124482461 -0.5331566043637848 -0.8420419930790738 -1.489397652462794 -2.756136577393663 -1.332417966422876 1.410391186082726 1.326029335671753 -0.1231552813443392 -1.563056487213517 -0.1579313743255676 -0.005639257260184487 -0.07697975259706911 -0.4737565165544731 -0.3751258542887025 -0.8228286117369575 -0.9329169174315514 0.6991955999135946 -0.08867440503268254 -0.7251521279709481 -0.06798831144652587 -0.9968256360093706 -0.618444541915274 -0.3667707486232974 0.08018337693561617 0.1085468725773897 -0.1082358967540436 -0.5447871778289124 -0.6320978729563067 -2.483632441794359 -0.155554937175954 -0.01749641661929347 -0.3931511836384511 -1.167234917904764 -0.9005511166591205 -1.44458451977646 -1.269679470366791 -0.9641122327995668 -0.259851758136428 -1.494405726852301 0.9911553022304179 0.4534222136944816 -0.1538947891093819 -0.3555798795140604 -0.4285481796596614 0.06982521550765358 0.2302698128433931 0.2957102245079754 -0.4630051623561693 -3.15921390297534 -0.2077394874218931 -0.007004285988019254 -0.3702771319011593 -2.29828752007809 -0.3651641876968739 -0.3241882117468988 -0.6541855451919919 -0.6051274284245508 0.1120544680747954 -0.6966370262428736 -1.879762008042657 -2.230122844521306 -0.8641179404082139 -0.3259705898337334 -0.7656534496435161 0.3813677541872187 0.3552397231535999 -0.9334964106148009 -0.8342085505874011 -5.215574934143233 -0.4645951078386777 -0.005482906891224654 -0.2602803460172377 -2.03677031969473 -1.660634534848188 -1.272108534915392 -0.008064145590231888 -0.242721356033676 0.05495851471135624 -0.5135289468087219 -0.6386921021073266 -0.3783175699067641 0.0259575206810114 -0.9511523726250899 -0.8876270115631593 0.4561278432832056 -0.5399388689246674 -0.109315595952839 -0.7241560263899816 -4.620495838661072 -0.7691190475640685 -0.002012208469109267 0.6727341866910492 -0.0971101474496483 0.4266946004142852 -0.9994045743306995 -0.07244579874807243 0.005991287606586732 0.02492980542911996 0.6231033160895819 0.09879990429584494 0.6593974459090018 0.3660263816673478 1.079417528344872 -0.2543207444846322 0.08999848469747768 -0.8484249547396593 -0.4279495404063071 -1.191203113652271 -3.489948944580751 -0.9942934504174228 0.08443923475613219 0.5270887111628736 -1.879930753565045 -0.5477007243796099 -0.4344782073648971 -0.5479546628663965 0.4718777051606159 1.699637755971635 1.823578230776628 1.603714358854809 1.262941766296327 0.28970300480061 1.379989368863218 -0.0187534541609405 -0.6457612723983449 0.7550096886646106 -0.8432512963398247 -0.2182633847648161 -2.988271192388309 -0.598597776516495 -0.0653863713125041 0.7151235636148812 0.2209851159677328 0.04791655395015517 -0.9790910395333665 -0.5687471788861151 -0.2352756018948432 1.419707469121671 0.8106385233342271 0.533073424088564 0.07806279559607392 0.4309970520984962 -0.6707375142764849 -1.329256474320015 0.7331375022240376 -0.6139499235931964 0.8153412472205435 -2.023373444722875 -3.586399331620931 -0.3459486813612183 -0.06051782376081406 -0.1670155745064242 -0.6671233074706182 -1.024880285311885 -1.049033344819201 0.09103964272815937 -0.09818401395783843 -0.1084560790093788 -0.3091960961182448 0.9868387522873324 0.03580470224615428 -0.9002014162458322 -1.666709513151306 -0.5424584635365556 0.5819087427910578 -0.306759595819915 1.2985864715282 -0.9431467337763959 -2.66568173514244 -0.4011039664299976 -0.0002888831904545132 0.1515056024228928 -1.197149500578209 0.1437157329942303 -0.2981932764508729 -0.5767135313264601 0.2701442045974461 -0.4381034715764152 -0.2140083357549296 -0.9783791248541643 -1.64916630654495 -2.353801663135963 -0.232372102431434 0.06848323267493335 0.8777193626244695 0.4835412943718868 -0.1606492997793174 -0.7080574118345815 -2.239382229105808 -0.5282651647053226 -0.0002045803388326873 0.005933642773275693 -0.6794017025496054 -0.2039167529025488 -0.3467675493126509 0.4515414442226148 -1.305354248920407 -0.7558835986964747 -0.5405026704130806 -1.049380632890043 -0.5075713742082869 -0.9362314953089191 -0.04096238743263658 0.4359771756531683 -0.3070765273243191 0.6989216169821029 0.5109748236188489 -0.6428133760742105 -1.143747108206919 -0.1648530709078624 -6.554704063831205e-05 -0.105646204762492 -1.213921033367615 0.3997905058914032 0.3054481801519999 -0.6233593792462768 0.2009692315128396 0.5424529517239394 -0.1289863677763735 -0.4191714463252498 -0.5054926875212018 -0.3870470419004731 -0.07637254193969356 -0.3864710056118535 -0.3229460353375531 0.6945919650552578 -0.8271832723258329 -0.5266725190334357 -0.1785673887242303 -0.03885669993953603 -1.21659771505845e-05 -0.03435267081703403 -0.9491359931973302 -0.04064049180409823 0.6828209808219894 -0.4163706399069154 -1.334184547331529 -1.617452789942749 -0.5531388512895034 -1.011568919411783 -0.5478209192138553 -1.161762572191469 -0.6154887004730223 -1.110305564601486 -0.6518165075571605 -1.70031032613648 -1.108757040417343 -0.3818665850190564 -0.02715361272436683 -0.003228463425212113 -9.413031853171845e-07 -0.01249502505882582 -0.8885777984075682 -1.73851967641276 -0.5303210573280986 -2.918931349081016 -3.055157069503168 -2.040134807993438 -0.9306431536655847 -1.121968743697378 -0.2664670978947591 -0.5047824219827269 -0.1783045689235878 0.610059811436712 0.8706638999585474 1.024717999861662 -0.01987738592767452 -0.03460839804700838 -0.00510093844931945 -0.0002754674945563539 0 -0.001199676338123148 -0.4337836032268229 -1.565648174086121 -1.648672915126126 -1.364937648945383 -1.236115943824678 -0.7921401491988133 -0.5461176147205746 -0.8660923916582322 -0.1390037876199024 -0.5457838369013542 -0.7640674967570239 0.4223244153627759 0.4207223361767563 0.5410028017429821 0.2939534245082038 0.08900880458497928 -0.0002876970412351186 -2.675430248125902e-06 0 0 -0.1104835024445405 -0.2534196219477313 -0.1827968328497638 -0.105042035026001 -0.1611652910872915 -0.1430076214621101 -0.1629943835759362 -0.2006201120196255 -0.008435607804030536 -0.09929051611588069 -0.06240279492433053 0.1513979105712212 0.1002167468037487 0.007958345980495151 0.08006734871244367 0.02048147032498668 -8.603333886644462e-05 0
