# Created by Octave 4.0.3, Wed Nov 30 20:32:53 2016 CST <root@InnerPeace-wu>
# name: Theta2
# type: matrix
# rows: 10
# columns: 26
 -0.2397760519889789 -3.295119724716555 0.5974010282487918 -0.2612819721940789 -2.57915756699629 -2.337673114743819 -0.2845059364157604 2.173706289313706 -2.356087597775483 2.680100878854552 -1.109809690212833 0.07442256588631646 2.059246843779194 -0.6707564179196011 1.039847375821956 -1.241665517365318 -1.730359049058472 1.62041727074248 -1.965823129513777 1.967678305448508 -2.264689853351882 3.02971564954435 -0.9715253867038915 2.288125509003299 2.001222450741086 -2.918828869503049
 -1.643108860304543 1.720373333574632 0.1693880453877895 -2.065283119484548 2.41769520789476 0.3269590313286571 -1.111082564211506 -3.058660668620246 0.874641217411072 -2.462718868884997 -3.22916206917415 1.993213518089142 -1.48918150962569 1.844427861860913 -1.174468543844296 0.2951699865083786 -4.333404421499725 -0.0835283882257508 0.2691823537780572 0.4746809478002338 -4.193761324039858 0.092445090212256 -1.027968413678062 0.4034909049137684 0.4628294074146842 1.630533783257817
 -1.900028608845987 2.783554894236615 2.07117046536898 -4.733290127331921 -2.418595983721931 -1.127703063327374 1.688760445535199 -2.231613424543565 -0.1796205654444796 0.2538023948777902 2.459523878651571 -2.212331702262736 2.975356393703836 -0.6044787547243308 -0.1172678043292345 0.3836134653393647 -4.432441090893247 -3.746420359575922 -0.7382681553810592 -1.726736283992114 1.481881870166078 -0.750161586419228 -2.158315645274142 -1.251797965392983 -0.2207731778715197 0.3338099076824635
 -0.9257779078271836 -0.8577573997357222 -3.109969152475352 1.623372561894364 0.3730687015754025 -4.938001762553258 -0.8721413142565294 1.400555869587295 1.838782308732131 0.3799644502130349 -0.9321267739027919 0.6792088722915283 0.3312690910682819 0.1198056445360538 3.028723619788823 -1.516720217076085 0.9369979642123667 -2.097115721390983 1.585003415847731 -2.728818255180144 -1.8668422945203 -3.764420131124958 2.639964515119618 -2.642188203521294 -1.949602206079518 -0.6434254722429604
 0.2240053215731459 -2.026489966566487 3.255800489200649 3.731780809730131 -2.395564155701871 0.3144506604592934 4.973617509689847 1.068404044513086 -0.2818666208823032 -0.6755663922263794 -1.112243433910695 -2.125355837363731 -5.476457860309836 -4.153327376019075 0.9553488442018578 4.033937134440807 0.2340033405148623 -1.836061971128011 -2.374631534441676 -1.671198261573152 -2.501178052760896 -1.313129714608079 -3.912683212423158 -0.4098494372052543 -1.13571116535493 0.1383509941190719
 -2.320138181515718 -2.2995246835337 -3.046228484458169 -1.152894720394091 -1.974632854567042 -2.268727943951457 2.125894921106033 -3.135100404552021 -1.422297653498448 -0.7556537541445559 -1.417545613842653 0.4174850139639126 -1.57050948931058 -0.3742084520787659 2.331056265415317 -1.25535653269789 1.463025888841142 2.734895078069131 -1.222741621362214 2.686236947193196 1.569068928913864 2.030822594020153 1.317470176865769 -3.188468017413959 -3.884011164768638 -1.090726836335764
 -0.6942024482236211 -0.01414796049316994 1.318358862175435 2.169213244035527 -0.3503166777470421 -0.6966270139076992 -0.7390604834284653 2.30971068572729 -2.367768756771959 -3.035901330536699 2.632069635746279 2.74217812975565 0.919799597199532 -1.819140118132003 -1.117245130572135 -1.335611058591272 -3.065307727941119 1.509792612635185 -3.01084332506332 -2.81488131617833 0.1401122332930564 -3.422548940077364 1.434556141098422 1.953330986296296 1.68710852912768 0.0797588941511401
 -2.670508662986315 -0.3563558651700248 -4.006070331506319 -2.512479156767959 1.464437587722872 0.6071038726323665 -0.4088471860850656 -1.160880622903877 -4.0977097208798 1.403278823594886 -2.23937437613341 -1.196311988204521 -1.490499818079192 0.3827649996317243 0.2065186141042809 -1.022135012800435 3.275791803154025 -0.685428836705153 2.301942411153309 -4.575367544137809 2.545922971892692 -1.027083130905497 -5.282319661969168 -1.773814587566741 2.378689752408147 0.4537081546871449
 -0.7727491113585434 -1.047516472852955 -3.602356415008109 -1.114363087767552 -2.075160137910929 1.569843612504177 -1.941095154294521 -1.970604406095454 -0.0722030570192283 1.562181830490802 -1.589627872156548 -1.319116871544746 1.240747289931639 -1.981250558339326 -5.88000045833736 -0.426556423200869 3.147754212545428 -0.4723746220137339 2.918673025783161 -0.312812107308601 1.097726907741225 -1.927284136422839 2.176865236157306 3.05590195879116 -4.622210341895109 -0.2961828445605905
 -0.7092563733877638 -0.04870635615743541 -0.9547298998866824 -0.2662528444649834 3.112209104975019 0.6596442629637418 -3.265871124449571 -1.268374526527045 1.12207507166845 -1.979797131520444 1.654336922822026 -2.085533043326503 -1.767152730872033 -0.7509661231321183 -2.952122229734921 -2.417983438434116 2.434962742555639 0.4366731669639989 -1.50786476876082 -0.8154657048109254 1.279905260581414 2.166257369968353 -1.620044254593645 -1.444468141982355 -2.035607229569744 -2.46026556606152


